160606050
145132638
763874860
221922945
16310634
93603042
501222620
239375397
5548791
20370288
355668549
193931034
166296725
334648425
4186446
107029096
612375368
167073539
75158775
84325088
730154745
199720944
40950348
420220948
242249470
41267109
96196698
5794964
477866032
369324983
4419050
489522416
870121602
241362993
99226127
510808761
425015618
14575302
46987668
109768150
247022064
555191381
96073018
350746716
464346400
248621184
221628976
5467268
576356133
81742780
63473995
146639168
55943992
132122184
37817681
118539519
83871152
468367005
66817257
543571116
487553055
328929024
503751576
12638388
112555755
29280273
47297376
111228768
3946302
224496077
307723671
73529190
497230917
104523885
104321448
647789064
22969820
372231100
17389341
145705810
17739724
206625800
186816630
569067150
275515584
204250814
345369438
105753089
341533425
326447959
239762775
154387392
2440044
341774204
44469488
114057600
71752656
25045475
434084336
231594959
907421952
161459408
252865008
187208670
64859438
606495580
123077830
168389009
370754001
834858864
330857245
224091962
88749108
1692234
283028446
478201410
95380440
366172050
250421453
526261536
199803240
340964820
163211132
344035904
128196456
125228224
155798636
313873595
474181662
541929028
166628538
144019564
960300900
636617448
286911975
573576990
645234000
247173003
106141980
26342728
453997929
275984723
169033332
251010658
265085705
385226292
24784704
68536692
22065462
46387872
4251828
21288224
151150417
192280662
657446634
120862644
74908656
107326830
290456922
34446120
168830980
159131754
482408100
175945140
1017542595
873436361
164892252
605547927
14108980
1689345
34773002
305677386
288952027
504854150
225187964
605614672
97422480
169807420
475023825
120316140
678981054
137165808
742069525
59469168
6021708
58280496
385524360
106941142
433568024
459847080
323699688
79590758
6657435
104089842
107048976
79366324
95031657
242159235
514087404
117426216
222527030
781605660
236822859
486249165
172931400
342217290
323388560
961965485
248364520
49923776
99078921
40131000
488164758
36414980
297988760
119023450
21941037
485768608
245947590
856659648
2339434
88233320
702323604
32639530
106430058
612433756
313565434
26326720
67052904
318894433
420812196
170973869
322545318
68309178
572815197
2979240
172543272
228530016
59456390
64273612
105842726
579529881
937118595
212854635
185892562
48716710
210663785
609948108
176385188
141300432
294544969
27158472
316225338
47937726
265530416
402541413
257321054
367310951
615664200
755923592
474020200
401994628
105683124
7281600
527840498
537122768
499808925
135705526
839872586
748134450
425015304
39387215
912449603
256244396
74962296
130304475
187443776
362006904
574313874
291431715
453511950
28249920
25356240
7199115
367775940
46711644
948019476
305433600
101506124
56308224
49020601
103473513
667046340
4553990
124123941
90368608
25783782
620034885
125026566
29655208
813066605
950937801
38810540
40504880
161443188
169087658
259622052
9700994
385459425
164581846
153115620
115177692
366290967
110430740
27852264
114363500
285212502
295515155
119629433
27821932
139411300
11061615
391844700
319333600
234143032
237206940
238647045
152947074
244914492
122762421
163476950
403045767
258588404
66814632
71248346
839477664
118881756
255177027
35050340
511510076
602694450
252590190
401629800
106501395
88546224
60121880
293101520
250993860
980414200
410838099
436983776
180538287
182656075
109160530
68032920
356584515
251323205
602030880
154078131
66621555
541088205
185926468
566618481
348455042
65908584
669468
159603348
20698524
209760880
28764384
47761632
232106000
160891768
77460705
27146826
6337370
303560950
21713496
383827692
51461971
402092416
865701600
214222603
225701504
606336626
730181739
474005763
459747112
645931132
115929646
68248194
160832000
36089300
218164023
585806272
537573124
210730520
99539973
838242900
19145616
503199360
428091042
393694432
10795290
96986088
225748267
313474590
991435115
147040179
101711100
88077000
90752355
427263822
97188525
42472610
490553315
163588340
370991082
187605620
263621120
149533857
276640842
390745682
650164716
61297340
65879441
504405342
470964837
323849100
297861270
265979520
111726720
226994310
34716528
577100199
5196044
51329181
49230936
231025572
85908006
30117618
76971762
565082227
516698165
52845523
604058583
263176830
394729703
329397398
361046268
17640738
16623670
266351270
344003217
512519544
108627116
403736480
422471456
212719700
195072768
259908543
849008660
274560172
339008685
338548203
91214743
175903068
142953555
462065500
357692775
374571510
188928975
113542728
18060273
222967318
478173864
445633009
568152816
676028754
9357341
9219392
83357439
106076180
420708216
399937584
45536840
313851582
133598766
895487784
6242906
168311493
391096368
736128600
216695627
20901480
339949104
175680960
266415975
734963057
480443832
637032874
288790736
555408468
146046320
581568260
855654030
353000460
518044410
228063006
332921200
554566656
731689350
117244042
696770772
435226086
14847964
426734011
432599856
209562573
486710532
236819385
497135256
95569650
117771880
79232175
131642074
333191518
58728483
110892552
859716280
400540140
113402640
94005254
96723207
26504625
789854560
244960044
588644581
42440201
13126142
231448945
587680796
484979859
283996230
481773681
652891008
326627656
374139116
168267264
38928384
246210888
523897839
255325215
118556725
367629858
12026385
102535270
192768274
662444320
559345968
608010525
91008745
30189120
2912978
616486689
2611950
200411280
187766250
223752385
182418325
53784830
464142456
699576000
420438206
63730442
406122270
242199360
674562588
82832210
356146200
29032950
729913275
101173860
199838415
4092912
443550245
375061176
104127457
8197035
130516230
198281858
776175036
320908406
24160410
178603652
217672417
554191232
153612759
922865640
83039712
82179356
774684883
55114915
2334000
229386976
32290575
8017296
1000885592
1024804295
65866320
11313
253859840
794701299
709465636
449308992
351613457
320914216
75479868
337179225
38619750
5148602
13938142
153615424
98691884
153697030
765487866
318660811
3729480
71301152
2167974
14564344
41209938
153645750
236616742
42843846
17971866
370748408
758780528
404209092
413851638
414837942
117054333
181956172
428048404
449863722
254066274
1540770
390195000
18917431
597175467
227653762
406924708
94060902
247691520
45913211
203095088
472209953
379854165
774812724
90569754
127787616
126160278
2974720
9196481
19028044
69068188
86514087
460752876
134722224
219479685
53400207
4080860
25019520
575641318
279522870
347647454
968687962
414390150
79459905
465481250
280473247
194722657
330846274
1043322210
176547016
411575808
93084060
97455644
8211931
160602750
489908672
110883604
633453597
26142233
337083544
513045379
169124375
210074190
472506300
521088912
22535552
196550574
646479992
219610776
422283860
317837300
21813965
252143134
242795850
253241526
165064699
223575066
210675641
153443180
39662826
16699067
10369422
508215136
469062652
320480390
387418918
249957149
608386020
23487660
142021341
78681471
127501875
388628464
361770472
351955484
22714160
302115965
119809011
42092820
198702216
484116480
549314520
84946554
801286280
63475662
462328204
87678915
346371266
178811815
268854866
475267338
561926925
302141439
25356418
866427450
304071040
49038288
27528372
77492800
85719070
411844758
599457370
9242475
176954024
191768164
58812861
271204182
497247113
116839156
416845548
292029890
188523716
604891260
145268966
294842768
368210598
136348319
7953790
584570743
361617727
589346485
332126658
69801480
1051901000
1908522
939614900
810902360
295610784
145156440
319468919
559816068
193394300
537784412
250161511
267486670
237129465
8555325
310584240
118050996
196845852
59307633
22334210
919651440
10963320
500489158
23516937
191347751
555410502
20549430
175910303
471717270
186963556
164142030
155356332
439295269
721728261
361036260
109545931
12094550
468230984
77502488
590279360
789930
433770028
119722860
64373320
307739280
610599591
136834664
942533712
405381888
257225070
430670400
177481948
135738193
419992807
335819330
2725632
583754550
468444740
225729672
34650980
305611621
690364796
215259593
664461950
591249021
355130034
225947628
130784714
116556156
304415621
566317800
88011770
13906200
146149915
284773920
105241580
15590400
830389000
302750600
525660716
90922062
373755144
216310380
799196916
677388250
523194
64949562
73512267
164659330
830516155
47550874
148800552
18831854
56253288
78817882
37029924
58920132
298671009
622906640
195667808
411713664
11497026
550508860
207598271
76607440
111117906
358695766
11846444
1508984
125033160
52329409
416014520
15592619
9420295
529874136
413455504
413244869
688470529
337903713
799769322
273115824
104016528
42044787
18904810
18714521
110702240
727071800
726384400
41566503
572523516
54700430
742947388
17098560
133868878
190604257
133121484
303147543
317861215
445562808
276590552
495890937
318886740
483342480
226750416
2403670
466540368
572528965
287308020
3435398
46815828
5755708
5896660
531779022
254295981
404109468
125070544
540629249
76720032
147481791
301242150
238344561
684516257
252072192
860484128
116444310
276216984
381186696
468842784
282758693
913958544
260432381
221040
196670705
127120035
148501392
224620760
243106596
206076210
127872624
70556080
213829341
638163902
17281395
71677700
52925400
885222912
554082323
77018994
64446558
160906921
163761360
631184047
4635840
10828728
507732525
141584805
12208447
315449554
19656000
45504492
130717248
640918550
620549270
108519957
6280956
96892356
138670664
822461230
951653057
112710324
839131312
122402676
29202822
574716285
123620925
335462360
544775616
171675504
513673724
51431625
585989794
85931860
53111917
589492140
372161866
393594549
296950214
243701493
72582762
99111600
1505316
12885026
560745000
47041880
38343288
107583795
75709095
454627320
26190564
48378139
191869832
5359392
466164055
133471914
164054170
45171647
82335964
251459698
584363652
180684168
42899751
108278112
143750
30505636
1377675
281182176
120728160
373112118
8400199
282958800
430392252
54889080
174212676
42415256
102912498
708045444
242196345
656741500
3494557
22994270
58219240
164508045
845097165
565151257
43814232
392324039
87561512
154835925
232695360
63366793
82843865
42161004
242456472
165258933
407971355
517156016
213655728
551879484
200213013
136990485
65068192
34431948
74344353
92293304
7652700
145553661
268238880
904324928
113416394
361167244
620931910
809958006
215255082
66987850
884209205
414474352
17001897
779022608
17532401
466369920
312218244
267669504
179829889
8186070
42162802
391303722
392518032
116455616
396891600
574005360
761595261
44442500
15056298
363060774
56370105
185040268
389221287
258214600
538100070
94940461
830035728
185313480
581481160
290506762
174334184
298479265
68372970
936468
478923519
27661512
177667425
61376137
18014866
868038935
73398567
848239788
11544428
217668130
34777314
43227396
26363220
306986770
247322460
495389385
668417360
502710007
470572902
73286180
44939870
183696768
126247828
107179760
220882088
586759979
70026022
62912838
843945759
9748849
418912704
187199280
21122920
586238912
157284332
268207632
557664896
33056526
345811440
412441984
805994667
461814056
12881739
237158201
144535930
21279240
118682603
12980590
168970829
78591330
60536800
619736061
362858177
780791649
179220240
424520150
265988523
25638690
22258233
179331508
456467830
78600060
60206410
254794540
350140224
14277076
374614350
284094864
915156585
61576880
1973996
178037824
438445584
41631424
60974816
376040448
182010816
643654080
250777281
16546257
631815282
29663513
9845700
31236440
107594340
57642002
362901322
248613900
373341760
186747
398215704
287811898
742803858
233495712
427540052
145610850
467788818
120023416
269659380
245378604
466907958
293095284
471363152
241708244
646456020
141241230
28021728
234758332
277465986
6601920
104295900
118282622
532927164
236023848
354474054
310986400
6919560
162371881
58232244
278467364
498750420
3401836
180389430
25445604
359685885
378452580
413841568
129726786
36854267
111517713
902245680
493641794
63359338
27138688
389503618
8121245
72749460
45711675
17563126
407482503
251077970
709753784
116557210
24533565
122157730
124144824
368971127
456913248
188632500
691294506
424618440
224900640
363810420
371693611
542032448
154803348
143056224
747584640
520911109
236130097
512337150
438319550
101180090
481099828
824634360
42120238
128602035
207451325
168861903
132902112
52829165
744094212
39475300
705163407
271934944
476685820
231191964
403763084
563175266
706222476
340972176
568002148
23260150
251697920
98986308
293520236
384163812
402471440
67073292
170194635
217846096
818251040
772434930
202823073
278011470
105695304
854031499
506512305
96861144
52042352
346715627
28714590
345532050
18783540
11866130
406082124
55467269
46998565
177296809
54272026
183064360
202452052
1484112
396689986
65170420
138362526
83682900
133188639
150610080
88942204
146881736
582429510
467290388
939675603
254508254
17633632
516402880
218657026
238738752
247136960
146559618
13861340
727081610
643224852
93402156
147250047
115298764
7801290
167080165
438293953
71309889
563220480
297622347
195630663
162020619
16754816
44720487
255019580
171464375
443010735
328028160
762013441
165113961
161115972
288226960
855085
84784764
469020062
320795160
122747352
625070996
681516395
400154588
158956180
46024585
223409472
191917187
607766250
371790161
593440484
186500
844183620
17605836
112206510
286554444
15362256
204686022
486253131
16156970
62162820
241780403
51370810
335636064
3075366
286681312
32701092
183582831
71762530
364643440
67216880
319407123
34355622
497623289
676600477
27405999
303791904
434674830
63465350
4701904
718254927
3973098
863512
617573943
418765075
155215815
87754844
160399360
32842215
152248521
363416256
521518120
632622486
281693594
89581725
303372768
647650971
220277516
101426310
134782104
44190090
6191744
233131160
369099248
884572920
621984800
247817940
624028860
532029564
65763072
217247051
748372666
151286706
875290832
20100554
215789649
30001729
45676068
101500686
184652954
254534416
54543776
38181780
215669412
81673876
528621066
105064458
372888819
200033700
367285000
11136064
97005246
722768940
410655510
275022248
39898002
470703519
282693438
748513060
126484475
83542990
32733492
161376873
138277164
5449656
44164011
195278050
237416320
61154964
52473642
23081840
5901525
5556930
46595640
239194656
44914339
117554028
109815629
194299752
317809200
504010560
681363340
51727172
97924256
25344600
424222500
104463247
458109075
31865508
202776816
12368656
440154344
113673615
557619456
152188680
173376500
123358314
59080668
63222889
15255162
630569970
25353027
108734484
222721520
378669792
263713415
107519724
447888595
19894576
295093380
216413340
630037850
97465536
87566685
330596200
478853700
755436870
32638984
152298300
254126691
306966429
303893240
297623633
38127598
292426695
248651938
651710410
463981392
77300580
93171212
38716593
165847240
588254020
438614385
650911730
22297212
405111564
286012004
53272010
52903800
3620326
488753916
58025916
313399632
99845368
627345748
54113862
441053277
198974545
63870156
513095724
338480865
471709200
935204928
71579969
369617084
4502929
119344727
70151328
128643125
13367189
154128724
441032928
12366325
213984309
7061046
15976728
20448610
292031328
92919096
158574582
204316385
195185573
26563425
260209754
260321440
140039260
18048096
3012880
980503933
317405664
172252094
63121568
744884634
335974992
248500407
194304448
200820160
501001236
96192594
57913058
747627768
16296805
161229882
101815027
174092405
132861784
385008960
17476866
48874910
100747989
6037239
587279
178807788
169385292
282470268
338561486
369200400
115589630
4249140
512180100
79247328
619110788
46991570
440658944
491528088
853700958
735537536
28257415
208429800
109493760
14011256
279226605
210725816
789889950
408267750
721005850
894479292
503686348
621866674
37143225
200694620
252038850
90342135
51974976
420534168
303036306
430521000
592032210
404933790
36477172
51337250
140443520
931293720
6192984
822163755
83527304
224995914
243218880
166429926
292815213
25732125
856626255
276916946
941641050
38311476
347050888
9540129
386762756
809514827
75754380
32481262
36886521
134682941
408307520
327943450
2312942
116966629
65545970
228473856
63673074
129211194
325059630
133437255
6646822
335253600
42648002
332134575
385458304
141281718
234798200
11515504
7746560
777578748
149872147
84540812
551751009
152865432
77389212
438790064
22642235
614068513
326280689
138512340
234652831
823048045
698719140
12730040
685931040
345924640
11412594
452372166
620216436
232646538
596855700
406111538
141890803
255571266
167717120
29770189
243004240
297378006
140595
32803840
57950100
94251654
35836112
80652429
549669132
540216782
652121400
44034896
237924561
267853932
167004250
283361421
21647934
653221239
221226984
80508450
46904369
446694405
333506159
94625280
637403130
158021472
491001250
484604067
204234651
152103818
276679095
368842122
313819318
127969842
103207248
669029759
727476936
676587508
50036740
22440942
591511800
287518960
342131936
726865965
550983768
136170090
220726450
398890128
360287796
27478080
114240
163394770
59920960
49349958
185116268
16098774
227903868
230632080
645759840
445896806
50560000
137595549
409910782
155613744
274085450
250085952
92371018
191622338
255750881
918590800
176964928
17518446
247712551
24456544
5937221
60208434
408307392
216928600
84862458
599586687
233393853
72155735
959196304
334687920
280112042
116184962
157926239
273903696
339184950
12811030
185662642
455037674
69285216
123472404
147090210
846630575
167488203
80939688
208618820
367210064
251367417
48632211
776955496
267544160
12884456
180430164
101613828
359284800
64009651
113763045
288991058
275074134
68441800
172822472
31757460
436761936
372950900
901086472
28426023
7575516
199374300
151480421
322331334
840768950
2016798
26481488
185717367
205120160
593157656
404174076
197734113
170898328
300744064
27233640
213807681
448252113
222443556
56827092
481465300
14996016
27164160
187388397
51807330
230297158
653747490
3472425
704784822
20178150
124684120
273936304
364005666
102815450
87313545
3205280
256287732
104934382
159582710
927109498
104478229
209189232
817442880
137966414
385309820
64060929
249096960
478552800
619777600
5586336
64342155
59883084
317960648
45641824
119869496
21613188
309963108
486540688
265561800
147635727
248763380
293732328
133087359
156942446
507755360
2298300
25534705
680155035
91050534
129622370
390782520
46824987
348323928
285916950
539356800
227486020
619557119
136694360
829821
55064296
30260034
272375588
412842116
202609792
713799586
13916588
994978762
444445799
1057377094
41746725
94386214
384459530
82315029
114629508
167322418
975443
742954112
453452245
361654875
520798062
18744957
290663212
441193449
77593538
75783924
28686510
48334930
828941880
467450664
134594746
220201530
92984628
198260438
733331277
164339550
187781100
182864342
740303072
132080156
331932209
590472840
41880720
256911264
219961996
171472368
21067280
700995414
13199469
15720089
288747635
275951812
78601184
27735642
229770420
46613781
519377088
156795253
130699680
748018116
267288260
439734672
48394008
549320772
119816888
49604886
13423893
685747140
177128232
602015475
500765328
244073354
516144480
48001560
670013736
182905074
246982890
41838300
327305704
57208508
28128160
41442505
39032248
586537040
494648625
755605928
511115028
35511053
754132990
277241776
290118906
258430809
619373405
132173964
3193798
28536180
224651994
288981988
25622791
20607270
90630283
587652176
135434456
326383520
442841578
34774146
131446680
16647015
36663018
98166600
327678666
635902085
929532648
79914095
306883031
396527365
154436544
593938275
266368212
47584788
322830448
65226240
22751388
16145571
169069560
128902466
583926453
191273457
351887250
117796112
774644318
77905620
762212180
497513751
562023744
717890250
701909968
696150024
391277444
490038120
243962745
47245682
707675150
365354724
199415704
249959400
385612003
52698800
963907140
200230592
1025759589
313759854
297238677
100142336
338409344
530210937
54964851
2480544
151908813
235408832
87905193
241101388
352814220
847668791
97253096
487597150
9762258
776460382
48345045
234445920
363980585
97283885
65302860
171558840
88625796
96997212
391498412
94637522
58142385
863501590
70289822
135606930
580263104
320314203
378243181
21400440
437717592
402374616
229730140
269328900
247263926
23240308
509627481
914139590
794240601
56663040
242671165
832645072
27470898
479560512
833274125
791641092
890294590
52795695
216140856
318809963
278930064
62786235
80489900
22063688
189572514
132697409
642474885
131556179
140460398
94566204
232457470
312667952
148341809
680378868
128051124
230659034
281245404
569618478
149525523
115367155
364195768
707711400
54929342
215310315
272579320
627441564
539102300
397910924
221085260
150760632
23856678
295438294
189444440
104142888
18072198
210305238
377654622
73858554
13067220
180988091
32780649
566283001
704299480
366701829
342249612
31879573
613089490
236250530
371765268
134985933
207074436
40696
62253394
87238080
638496600
311424948
823633680
357687693
565258443
9962680
526471695
311029374
73201495
141706779
98953894
73042144
57358420
6286256
95617170
45851463
360469068
192418093
532834689
132729003
87896030
182811200
519928285
684481000
416347272
461249019
418182843
157169100
372276630
819406533
141632645
263780612
138841985
122199420
96981920
612451704
206533249
27704880
105550206
15923358
37612300
113496852
517490972
3105084
183120000
280089090
131285258
94622770
198354714
449488872
366767863
592050824
205446680
6850926
840087052
108278544
269384250
3047250
441269290
16513970
205155094
212139620
468064125
14047600
285668775
208440480
67624887
27335799
90890524
132221070
474095412
19812835
666415980
469684832
117257766
512555084
384762768
173197904
94476939
272906116
407865762
508083800
954368542
14153212
534188700
11797731
252290850
21342387
352425618
66372328
481108652
323566502
251534160
129077173
827461899
145457073
682776050
331448446
352265472
731504400
602774394
626081762
418488271
174747200
302552536
135782272
25639250
217339318
308392814
497244241
375338200
110268544
215674740
39144699
196073492
321337146
866062365
109323692
145262838
122698430
192408736
86326912
49280400
332135041
122428602
266482048
483847650
224181890
389495680
101035256
369486312
562746267
127615600
719480238
121528002
974981450
122130684
166268000
80108420
145515608
146977192
126389900
342175104
399959070
175366986
236213532
42760224
12269772
63951872
349190107
296699601
870484590
445206060
504575487
140833620
44450502
45612504
75766467
690343808
311691477
23248680
765855726
148136846
978019368
272873157
100854600
67350955
91929250
73144876
144473976
182653440
404565070
11628646
43696422
862815520
440644490
16796612
314260960
152569710
531693760
273676468
17858582
182068833
50187828
7874791
121538931
254761500
165734556
455275112
13639400
952567224
33951125
60833190
739592756
384620652
881552085
71157653
539425278
54964200
239852580
175963800
172931917
358435385
318450840
237070707
151475508
106876561
386419866
86849100
121566390
316794312
355959868
54520332
180231210
47312226
62891010
43930359
233393340
67223520
254597172
37062158
128846604
628231736
131021074
79131312
209660762
145890360
14111110
334046916
25177796
125070220
784659330
245932982
475964850
138555992
500270683
259948828
683389815
99400625
147886672
526083530
491967075
243943980
19256043
26335407
11515140
424403760
102011875
12092160
886102985
345416840
23155549
393190875
299310382
297192894
120760880
469875735
64232721
70947065
362733048
191051191
74926882
254239550
543819020
48383973
316767498
269738503
32290083
675603992
421975428
254194666
156365970
271137295
234462954
57540020
211146560
306502612
116685492
1040440
801260222
29964429
200912166
73458936
365149430
109674422
532540250
138205452
324773896
92961204
337403241
423130200
102053512
103509777
361594584
40762160
607433400
539968933
373192608
733143488
70278049
284090112
48867804
22696384
82747992
35304552
132020544
196405990
83575806
40376362
401988612
86243652
49571572
87145828
616554416
311867856
200268146
4567695
192674944
319256054
80580192
217649457
184695804
277436397
659549436
88425568
554774140
377317538
426749260
413503680
778579464
210515760
216161680
9122190
371017504
627780240
248946368
209182259
541637000
79753200
1678832
115094020
332988400
309793351
5707680
4454352
572344045
437644732
495586832
183638070
55785852
64797582
93319331
189913834
243976811
34931996
292141777
46912410
12020050
119584389
279516125
60296671
20763480
111131757
548622484
145364967
34035180
94236291
84412560
557860932
86620854
31286808
9755501
301075460
666639202
270708019
16289465
13785488
57115394
208389669
390428874
397674480
283514580
445655158
116899310
235717005
178869756
236914524
240094300
405423480
101019948
58963191
603222868
355488623
16241680
119837856
370740
96066514
306227492
58699020
144787929
166419603
166662608
125315570
144300624
395666037
820468000
60687792
172971288
523129728
426205350
81121950
590343300
86624800
145366760
211920374
616394058
332632436
80064918
226369392
564622290
203289525
133418992
165838788
57551459
63131091
503553600
293323789
6932714
364212394
103255806
224325270
710555328
170809772
1301508
80875188
210615840
174329349
141593754
280210518
122522400
101694960
482161212
314188380
51823188
112221900
481490988
851858880
65329250
12616479
177377031
442207080
512954526
493571397
91684880
262251948
118769
131250912
379668120
451955169
179607375
62528550
6865395
292417344
328857768
354505475
53185280
204684153
199849767
592901700
247608558
410829211
110780094
205717563
368132761
129486387
23897426
15579432
62786160
369423632
767686920
900323350
181261008
762315840
125306805
182758716
13217791
59086200
241934336
32371108
65730948
55845561
211274514
93028318
1792420
14310012
115532032
161072048
37419304
157472820
170623166
106152960
547177693
281363880
154240920
273567710
625271288
119432772
599932498
493872549
185568635
901162528
630866491
606171312
98135415
961090695
779302272
272357995
16649481
6798960
116309664
57973860
11006229
118149915
51015120
71418589
113512311
565366120
214706928
182462552
233998440
12175104
472959408
102567108
14197701
98945110
142409421
216673110
831126730
285750879
136239480
197600429
30118704
177349062
286478771
110505780
386284640
108691939
305169336
211354337
133427584
548640048
22302
143027172
23646280
283206825
490956000
205417450
60836312
59869285
129340800
83883424
838363725
30152928
305892394
91461590
142243412
332977176
16135456
644437496
539470165
144734975
461117250
1472128
520194975
693925750
57317265
8331856
288395001
243828630
225492000
112917996
681009840
412895800
177720532
324177336
22459040
13369620
538458814
697500117
280167594
108603306
74033460
300783483
36148285
67021590
25853490
369978070
238934918
186232208
507840576
68889834
231825424
370298413
617129458
507123990
609902583
62646560
889876872
59921767
256142928
543579792
361710328
200385738
177092055
10406
33648576
11282832
615939744
522281445
66353932
596772800
30908750
535577382
121602720
442899279
10100950
840274533
19398366
105686149
59601003
175299700
294246955
142422625
5673546
259604058
225722158
120266580
412008779
496605048
304342116
189046899
298543806
215946340
252282761
290390824
680491380
5904860
301825150
439268544
680380624
47410038
845774085
437955560
253292244
163275713
479774178
7225176
609788599
156310980
55580940
401664020
124371439
57610528
553650862
188154554
163432934
435134832
149867450
494477607
450797896
371848260
796869548
175818780
696607149
255011277
32950071
43008165
3256920
63099729
15087616
29437380
140868684
444282724
680553888
728520078
121335748
151316832
106690188
31353236
58306625
214085443
139339200
129290304
262490328
34994062
26881140
447852065
514230192
333716460
410504220
97304578
70951370
530774640
156022500
529276286
249226272
81751644
294681972
373037021
275786539
82706850
106971620
348386688
280534743
318679494
16407678
436485168
261650445
2381596
46227108
41098650
502785790
36567630
539951489
1260870
537271580
373284640
221624991
497379036
240031350
83928064
85514184
62432742
113347905
588415094
17027829
386002085
8185980
29633652
15703118
285479236
31692135
87606912
4534767
168929896
67248486
1030705425
11986688
50665140
33730680
175154200
15795078
665968600
626509517
77067162
298038774
616850219
745895920
676728702
139954749
162163837
30369240
124102314
20066592
102325768
140802840
191412584
662018256
895676945
77869960
167953324
152532315
43938855
221493609
310125975
344721700
394003390
282559959
205266466
41523911
563966199
65826414
196011651
517067430
89506188
214467832
7090923
29163908
678473166
865492992
460861156
13551408
380194116
259370232
7093649
400640786
188892354
264995675
65308440
212779809
158525548
24962496
163990750
182941767
404141809
220110120
219601200
450279865
85690764
401309608
78199536
673293465
412599773
265331454
88144292
470938341
137935785
512700845
496734446
157869360
149033980
245138912
269762220
243453624
106055333
240117472
31070520
135976098
692487680
46396917
167123952
29416332
166495836
1560964
501255230
53243425
115507840
289207680
626791684
294287280
409264240
90034710
661475784
41629494
483860086
31148064
270202318
71809170
183919776
122608184
309788415
766452880
68681650
20611956
15672256
304840590
14645040
5430035
152814948
51692172
192402812
185730196
472999338
505594032
20973264
395545434
40300496
509389050
50966410
569812815
19424574
147017190
799797684
638154720
47731005
664091710
20555600
115246746
80251430
93764424
52553075
711720137
136497310
114323508
389867520
88306166
46814520
284425062
172393104
720566925
599433296
436756384
331330440
493387250
883991296
566633115
211619916
17566109
711834746
166261336
89098176
571697280
321346442
202031928
209490336
74636604
9057797
169057280
137784742
106509008
340861220
106071696
92159205
304332270
48002619
319571475
72253181
386541690
157542723
124782944
332501400
112291832
263161980
517644072
50502817
101472372
42948360
31488912
68256984
262357200
88729739
57850104
160322965
182646912
34035148
869627478
215122817
806820496
5760792
7842739
70180740
130871700
251006998
61556625
12654720
127824417
324682614
175145455
145597765
810688176
108807072
166960024
349126154
222430704
428385114
283812980
112995225
235487145
138022086
148987594
9308628
499910500
123221835
67931604
166415133
437615415
327350544
86236128
591183504
336199981
209972736
95714550
597069018
262933000
74189695
141867590
382025284
694553480
273377595
139216320
472658098
10876500
304256700
28478844
204290370
170560180
394252920
107289900
258006695
238325892
309957568
408973347
319916900
396553656
223425048
610207444
207135324
577077263
568383963
515607246
252346800
489648274
51807450
478920488
348867360
613142160
461807775
860421900
78828444
22452780
42516770
285308254
1015477136
183796524
181800959
45572450
167183730
384192060
256341985
133611992
142287360
10977372
2190640
105497046
482981135
202196338
81179036
91704818
379141675
186588721
77949438
175591806
211123640
12410220
759584
959225058
257949184
335172046
179743752
167202480
335097049
133417650
54467478
159287535
128452626
342163589
492241515
93425724
197629212
33573822
137785824
115555847
683947264
198110214
195701135
167664012
97505452
180074988
81532969
235499794
112760208
130121222
82384150
53287794
140477022
935506060
369552300
289554540
37821504
606443838
138076700
909882437
81644790
97424774
105161112
109870678
623681916
137941387
277523253
290435592
183368552
250112135
630931136
130526994
41120580
285893664
131562232
275559382
58090968
588654155
22103472
219392595
679716060
15626680
105785390
126837700
627200444
32417488
54136603
40630360
77091924
304489836
151263101
129623277
341957192
185620310
169296128
215280578
47845688
20728608
18299560
2124600
157120398
700718132
309362293
571257805
164029894
61444960
103638125
22854630
382228536
231176886
693385200
29562778
34206298
8941575
20922024
268731600
131305091
138684704
262118104
447725259
4797884
329451384
70955008
103699456
203947330
369538462
147208858
22674600
409649877
125205918
8416480
270311457
96732751
107925012
623053040
363727672
685347240
31409584
474625278
94510616
56707730
579741184
451642293
294783708
534461824
512224724
30830895
96620469
99484416
231462072
129232965
932178437
20338626
16437550
151977796
55417555
306151781
67353425
604745845
6975028
327589712
306727206
370470210
104874134
46906665
151157650
207221616
73074024
426117018
190432188
11091056
140473071
301861064
51946896
312291936
395263344
518246324
469730326
851991388
194631032
712192954
514198204
344457820
370480
456072192
3393741
139149606
301406030
681626946
25532962
57696408
157092194
99766516
268154370
181176606
207995944
613308552
166819532
36182692
467822556
981931190
619436390
162529862
343273060
252644362
452649645
112340998
808563384
20375749
19499595
148138956
25179940
237345423
111512178
214612368
88018245
337556839
914383888
240936848
421550592
32003410
396207064
135794880
559325472
652779560
38441007
219400857
779229989
8334576
217563072
127326276
201541056
107970280
513982464
493944268
215727624
50247591
8750199
109721920
102209202
74255876
89686903
16047142
77358177
18665962
480066132
154910154
349976490
507194550
888679460
12555000
417206370
291684502
354784440
459183793
131264604
167907471
17087070
4441684
698742472
25878951
150524187
15802560
135524112
162648559
19901896
669853794
265142574
230103048
5508204
152795650
246806824
77091255
233760417
235680544
40247625
706003380
344834749
441218700
141891486
890571888
3136594
76054272
346217360
444155374
475530128
470006097
96807318
472597168
375034996
303102904
773724717
171254916
449260076
69588729
151441972
296934616
183539136
181465299
14223400
720608056
45518996
299627547
60855256
668573676
489564426
257547342
519992743
37369856
225385056
246509240
16571385
154961028
58960728
189598500
219114302
439717047
595127754
267576399
133766463
9679670
395298112
26802020
877656741
753303600
96733364
474623078
798999058
128013195
280764286
84033616
286265574
660743328
537082168
67302040
108249708
38966720
151876120
97157046
285265824
230248917
23831852
99673959
369631620
123781080
214534263
313351920
3461149
352964136
489486683
258297580
384926614
389422600
421298513
679193125
169453518
150671015
15819620
245000903
411189492
115250988
550422181
456413306
101003897
628063530
811535360
259151325
204383160
259344826
388170367
39937832
7311150
704003750
320177128
37652016
156917856
340286627
959021586
156308256
51531063
957582477
224154216
352975248
117893285
91324260
129915792
74618130
651070188
431348983
180134216
160807828
259465360
168998106
736203006
443829818
662944284
283519476
766702776
243360468
109036515
35515560
264344496
290954592
98740813
150418800
244618598
172861677
275335668
81714217
1673735
40331454
385255359
707146960
148488281
136055040
89786880
166469421
303929196
188367649
124859040
284794873
306201654
377706135
285876594
907410348
144049755
250523872
58847285
73393597
79346670
4383093
350127480
119668104
649106162
10008336
372794637
789116862
55640749
33686355
383924728
70154920
442236235
442058496
47916594
58937362
72429051
184774562
598683012
108433626
20640300
314359886
210281307
296432576
712327590
542332944
111566568
462373184
88547628
39319596
436851469
468837424
770259672
115534962
105758868
127651989
209343015
160280598
216341188
125276876
950254795
617667720
29750032
212090184
145773470
166106934
477904902
86158768
340678632
196273872
140771250
78625096
91804640
81456316
623139
253376970
143200908
143395386
312035470
55111952
414910250
189165172
45866994
327761214
30325160
491411759
726228013
200794044
202618650
11919242
233064944
530091702
86190982
19632800
963556006
24068044
16411226
87120814
188017407
141972444
315181400
432509660
453215784
35435400
182730906
332285898
193751621
99686700
104299624
65897178
691622600
387429397
70245140
454211318
531024544
240099286
220426185
108370080
207377910
450700811
392264697
98634586
1959492
134542990
229376987
727961664
275263380
467723069
951466752
109102845
593993356
126779120
93301668
653423560
9568830
384510000
23877808
14352053
75424850
57115216
12939087
113311874
549216038
436742685
22363442
188252160
132657360
67422042
696365617
17468094
77237358
58967480
107357118
174082101
6890848
28623205
210336435
207746175
122517208
563689359
294460041
171837462
258266
194889360
195277551
150051354
283570421
12392970
3417567
236428692
435993834
675591444
155015608
441351558
177893424
908487812
133083798
113336640
151528394
197753793
93174300
543889500
555375128
7070700
179195744
12611700
1042410615
582991395
75157284
38381243
257919699
14332045
60167433
245768125
39531374
754245584
365902695
19738048
19674861
116032194
820823198
37665000
921040416
108312380
359073806
198095856
316541462
379479520
698717288
556615480
459539600
10284840
112120276
72969280
114320017
609415210
440881200
680608500
101914095
542745642
112700032
469221456
177991519
55988450
38508387
358141690
628757023
178642178
145629800
76977152
826296835
137905677
289004352
11815419
365639742
116921276
393966042
350170260
481114280
640038454
139542530
632145
477188820
216777392
105003995
648628992
598542425
489143160
282108500
776505424
648433982
600359732
274029920
325856636
3054765
842311350
56562696
6690667
176790204
350018708
230319442
59684400
67938878
504181428
803946348
84796192
261273820
89748134
395286763
10893864
243372600
198962636
505622041
390464585
461306484
9276420
415161904
355373907
39875732
155892620
542701886
73220518
372375444
7447626
162190574
699750139
713750730
587141948
187638904
19978433
37495419
397588509
235992600
92033040
420515326
308527892
615783825
86092857
564228721
221762752
166408551
32162655
333570360
406056708
423713610
29915388
314237160
521879523
6687798
261606775
889140655
66371661
462474244
200261670
193752291
12426113
475850421
280034450
567708885
558105240
396401628
360286398
962647755
371663694
629585418
295089905
498568304
471730098
19109675
243114183
6547758
650076292
696239654
272684412
213912676
216460692
367741880
341933143
289403552
573375140
64552230
357846489
26584194
77725956
23559772
244215
148773300
19178379
262752994
306679384
452300860
350375586
180446436
372973572
67632919
2619695
414024068
576665100
31511433
22426587
624322880
59232692
17985762
783910764
3300665
974014706
227247360
647246864
582078663
422479750
239046711
397965900
486526572
26623264
566341440
83529831
398774012
539794756
128574570
65197916
151164198
403915902
143901860
128328195
104719392
4252410
206778845
342631460
649296
87532818
203423778
494668555
177205391
187894860
478440955
2609232
213472672
316964878
21430640
10739832
24203152
886288548
15046395
406984360
629268390
474490072
96800067
653297652
116583714
266909040
931887186
59692950
755221025
9709015
406642068
558162549
589545308
556744768
108274407
482365004
283799452
363616504
68346648
243139800
147813960
189618816
548270775
66000000
614641240
340598520
353481920
423006640
178405920
23286912
274594721
415095802
88642329
120575658
533766465
79068192
443796408
468399370
31196998
291721760
197108096
326750
21531064
305085236
618889652
621286179
37346976
183891785
702995060
4497317
26090880
19823110
601006320
6333475
25064952
72100509
78075180
77905800
837260848
141111750
301465600
185435792
490596456
94504799
322753608
427266427
492914736
93126186
154701072
85474410
90639864
257617096
486634360
982310450
415091432
171850592
627171545
150444128
171953342
3602880
778573898
1013208205
662868360
616734000
15637161
682550472
210296937
235945570
594556928
824727364
528149120
110345830
174386212
772909202
9059190
131540590
305580990
256779205
76490208
618540592
169665832
957753624
696100320
212110385
403120200
49887214
86041540
11122080
230384700
199554432
25246034
265578624
182902248
161081088
225488487
269052933
387990300
41339830
341799756
403026330
6248
40595012
451654518
3012545
218563000
496791449
240978920
242293680
1002886646
102132216
360712555
786840000
309368058
501080160
244327783
1006656
613680711
645981699
451478086
129466774
521761284
440018150
540740264
184684725
41762304
273061259
299198354
26996680
680169712
474951440
132912910
300939288
81735748
168917208
143879528
112266817
545996440
125635276
481131262
409980501
134593816
94189041
121181284
127587245
21732858
414626124
497809930
144042647
429869444
620973960
585726196
4377328
237059460
517648065
94320596
453230525
10140585
159882240
193378878
1001059590
27030448
320361580
115184741
392348138
170064081
862837569
209464850
30096611
114659857
966627675
326973405
21018068
536645970
581760956
9235992
15219036
333524940
738514080
191902508
24866820
645053412
446859504
681149888
164256098
600378603
24758740
8200052
41856126
88828196
92077116
10686007
455034600
355190192
22856162
60841000
676764620
310498440
593687348
340466616
136431204
520708218
556851250
762759710
46898840
868422632
414276460
41362468
371508235
425656474
793217280
73308924
306403587
565457613
506497060
536523950
194268180
386959076
63793994
331504292
709852128
62744899
84101015
625220640
186772432
35003784
409628240
283347701
102666
27303385
227404008
35581650
37915780
169983624
134081936
147246561
300772449
11049850
145040595
16181552
197445024
500056630
94814748
18312000
64356282
129920530
9251042
205402170
220211880
47361216
222772994
420730960
70546860
36783936
290585946
552284592
384827520
163980096
197715660
364847301
33130223
863070285
304809800
29953456
304140333
76843197
394416200
252510208
228333171
304049088
530276656
499081860
719497500
309282610
591649994
558052605
253327557
18307008
899300184
69954583
993635328
5447340
54516600
15946308
55976488
369517080
380972460
196074752
29006964
655627756
597141588
414450036
513787400
257609373
245005640
490478210
81878500
24950506
396823056
182593752
473147080
115597548
488633341
125696032
537520698
414537200
587644896
537728037
147314040
4907424
197599826
289787931
5491890
683266834
133487775
65263854
89753002
152298460
32322534
170999748
22636845
134850860
24433962
202458180
204429624
204441315
96032661
111004440
70922110
424239500
428083254
12059223
15179454
385627989
48968115
365906976
354101008
604996522
148692128
81391872
290358126
290114292
79920984
595563226
14477892
474685340
273688950
298340020
901046160
291179268
221295975
160409080
52083520
664372761
306344556
171658608
294554880
103568624
594013917
293321196
191508168
264454740
85557888
604302840
585811314
334548580
87473520
361975314
167839268
45739716
547061528
55393499
437707218
54268557
701756874
545118237
13200066
512382696
614929048
199677856
449715994
195652800
79341834
495586200
86790870
456869678
602667000
148498179
568193955
90246534
44339238
590288888
74296684
165612174
125118674
12820904
28545368
171887947
175810624
384022000
21464181
115689384
816454298
511906446
126442800
669638535
175066870
639648328
330379587
28024235
0
79832946
6395666
444518
210554439
409602018
25839844
34054460
400518090
735959855
208348675
16561916
22940264
827646424
162273980
384512367
116992480
11681262
603889000
511845096
893917095
801017164
224439876
313600700
138999168
105733787
209920488
10540470
2508792
116517902
710087280
555925934
20952954
97337169
47357820
162330480
222600880
335369760
653819919
149797744
198805527
57563181
15201800
444795250
710241280
221903002
278699755
509450400
113310798
625510752
474391715
415349675
82048604
481561669
417190455
311807120
740208546
42834174
21199725
218071271
122171810
591027090
174258992
343059279
369904724
108186879
436862660
684765890
521911224
514701168
795797919
484801835
266012503
36949068
23022549
95171168
930297511
34331404
49104930
35329805
127951802
202970124
54815046
27766682
452233740
7417044
36584380
200269788
50705765
625636769
144494181
221927115
151675846
165743210
409765680
307302408
17439989
606098688
808232750
293420208
630192300
26949780
5601250
699282324
642201053
186475974
178817526
109599354
160203762
383225472
42931951
89223624
147714096
620776512
85712249
211735642
13363380
584916507
15799200
72653700
863929476
279282122
173620756
296250570
23791725
407326032
54760970
572371662
493480846
27776980
972336128
1922778
683900646
281661990
119267500
214194738
235884720
711089932
33282840
136404414
350145810
191384140
132766154
76082888
177939550
847273974
620596404
4670820
667851444
218104344
101779674
367531344
421981380
489403200
13475484
504753120
259203426
178641432
78096135
153797020
254374824
554077125
206041968
4990678
247192138
498456080
65137764
67646761
156581000
321182918
192333134
404317130
9036160
572835510
223732396
98578728
259176483
447883632
94574213
10749312
150172660
103516167
4777560
3749220
22641840
109006560
889853915
76059276
478956375
180983595
54796785
608975460
2106153
127737456
7973895
951311790
163399374
350732916
204205701
167244000
24423495
182572000
620001868
282675000
99624080
18045018
8028512
5868863
142584890
223548615
651024
19460805
186298392
659421024
334499000
20157780
84025816
240017520
284343640
174481890
159625030
13550832
275583950
166403728
94966580
538763856
100643907
973913820
4714632
102833514
253036062
669712134
63507646
7101536
277848330
161207160
218300148
69333864
11002140
442624056
600126690
238904400
194010216
358015725
98066756
132174669
146451045
690993870
2203425
1183200
404323170
509858853
105408
40567560
149355625
60770733
523265721
82142281
79660823
171160700
349191900
24915940
28616940
243890010
517943760
185319000
59245800
223983602
101104168
576248310
1240736
352976608
732639194
424782792
1244464
86091147
507151385
344728398
105603900
15710380
145616475
498734100
957895543
426077730
59764672
591181254
72971106
554933608
478111242
23375172
110450466
555414660
386215449
648025448
471322800
929012623
67608512
135533554
748264500
590639840
432321900
784094
409142520
607468922
13466271
597007476
7763366
67169684
734257646
161913992
817932843
294032414
395891046
610267104
223860
63270648
181155216
149164848
164590085
331603766
56829531
249257043
249543203
51312477
215178633
820127769
135954840
129446142
60773130
561408263
21714084
742925868
293702000
609056734
733136053
24929040
715718632
266903100
87478520
897878006
447821776
44436108
280233288
82427932
102645387
93611036
77139260
724641345
476405740
272303556
294685963
18754312
143342480
588855540
766055514
314930304
58299975
92749962
557298654
104773122
500931114
322365807
367972213
194100675
173685696
221464752
613407088
78522624
27600831
126398520
200411308
29980368
361888723
806066490
178176620
23599470
10431071
13170144
433347768
16665432
144451917
299615939
39828525
49730700
164481730
112578816
899299935
7185528
489752946
248505645
712317774
832397922
520269677
591750176
12496680
12520680
361297524
430331598
243233362
233423765
144224556
239994529
246907570
593671322
213081514
118626345
284003466
254342064
283095780
79158342
66348537
124498144
29916276
27512970
615578796
266959116
124444688
653728218
558224430
346228575
81009648
465420336
81839925
431041280
296771274
57410833
570391633
61379141
733596690
592825090
0
215625072
334725963
112212590
56370711
714148440
10441552
633014526
54659656
149043862
47266744
318729502
312622857
873744000
355238939
257948328
343004140
101380928
444283840
22268992
828923082
652348224
675540228
258350700
715928052
169650065
503050116
167144442
548970604
390420360
25341108
90554240
259730190
162145570
181027980
8627157
644362173
208618172
612525312
432119790
132028284
324128004
136896684
16562562
192033114
140597039
383501332
25598365
20623890
45882690
615412784
665659620
821317120
501789816
674357190
40423635
36700544
54964784
100952934
152581858
142565081
275411718
37901148
54577270
109547118
289648128
315230748
1751085
117608032
313008044
870865730
413711064
265943869
1015949100
366569730
20130810
144383020
19953166
5371836
33997458
71249640
38939012
4755687
411659052
66631519
28744683
199989470
311864760
713627838
509848020
110268697
147741965
458311238
372027564
119302271
331663020
28723689
29836878
844484364
627455810
504405062
262866240
173028920
42766269
137116100
117486430
71728769
676579905
578307960
38027700
57658464
211305432
649521123
20039076
53829715
599851544
368508320
201277623
137888412
766976161
836831275
26935650
96279342
250137072
171907640
149863970
501252088
41878770
62655744
57780450
37791063
668660664
26378033
299691104
445444369
-1
