25615
6270
15438
9401
27220
28063
13661
16245
15019
1086
7891
11862
21113
23740
19933
12009
491
11301
29352
694
20023
17763
11463
16918
18725
8881
16085
20805
463
9042
9563
11192
29348
20866
5363
31153
4275
17581
9134
9232
24615
29663
8628
23148
12813
3196
25898
16226
28510
8497
3417
12077
5433
17706
268
21623
18032
26501
11321
32623
5702
775
16612
29468
28791
30222
32577
7409
17017
5831
18713
27297
18946
22433
1134
12853
11466
4098
4450
24667
15762
15672
22357
24833
4709
20402
11598
30242
20510
22640
8604
28896
20266
10936
25789
212
32143
17931
23422
3490
8749
7255
7268
20176
25924
2158
23627
5592
16951
2231
3661
32379
18064
4643
15077
31065
16963
3939
21076
25791
19767
24665
32324
10176
17922
28108
13996
903
11765
9567
7667
3819
1624
29124
26712
4164
4854
813
21137
10621
9693
31747
27570
2667
22623
21979
13905
7517
21852
4774
25832
25077
6340
3623
13690
27190
18519
939
12410
11741
2479
7156
20200
10229
31105
6006
19389
29350
10272
26822
9353
21838
16194
21327
3419
30931
13575
25159
23521
13879
12343
19425
11728
13164
459
5316
20102
17002
22448
1981
8175
13952
3271
21936
2725
9191
14896
29141
14683
15773
28104
32288
9083
17776
10736
23553
11022
16985
4753
13646
20957
28940
27485
4478
18901
8909
19287
19223
25776
32389
10645
31081
9938
22549
10052
8829
369
4586
15086
18761
30713
15570
8440
11301
13487
27150
13679
18307
20628
25512
6916
28890
21132
16135
21332
7651
10687
32192
11373
11272
10048
12463
10126
15386
15085
20807
15663
30274
30614
17702
8769
19002
8801
16364
29367
32700
20844
30542
25925
11067
23989
23910
27752
23250
11319
21837
26790
3962
4694
5612
20503
22143
22909
12047
28452
5941
9734
25787
9871
26855
17754
21698
19124
1296
10073
6804
2062
10701
1788
25944
28924
147
1592
13372
6341
23837
16678
11529
24538
26793
7266
16634
21852
3428
21169
5070
20958
13859
1510
22812
12140
13907
22278
7143
17100
28211
18858
9330
31235
32577
30373
28757
17436
9457
20967
28881
9764
1445
1953
865
8569
4058
13482
22673
20293
14239
32290
15635
21829
10316
19541
30992
6095
15984
11489
14780
19731
24075
8220
14637
21921
30974
21936
6253
32299
22975
7304
8142
3724
1617
2544
22909
18954
20340
7159
14938
17624
24601
23320
19719
13023
24856
16154
4927
5055
1317
23349
4458
24592
4353
5494
14446
7149
13293
28005
8647
29363
17508
5604
20954
16390
13577
26202
29830
10773
21983
26385
18429
12575
13752
31965
10706
22583
14320
30719
31315
19268
12890
2632
18968
9803
10107
26754
1500
16881
28918
6923
5260
10555
28232
16835
7070
7321
2997
20264
23972
17955
13698
32448
26401
802
2917
2744
32155
26322
26682
25802
1265
23142
4599
30308
20207
32333
9698
11270
2336
12468
5378
20459
15587
23884
17619
30701
5569
31309
10302
2723
25086
22203
25799
8140
366
7656
22537
16368
13962
13370
4447
18244
3523
20782
5093
28623
20247
31389
29855
18123
11745
17726
10487
4430
10997
32365
6509
25641
23788
9002
19594
29456
4797
18533
15893
23292
1166
22649
13962
27598
1737
18934
14024
13621
29553
13219
19466
23249
15799
25027
24600
29593
25544
20632
22975
30842
13034
12326
8574
1600
4551
21817
24194
30394
17672
15273
32725
5401
25126
32221
26066
29082
25725
25998
16348
6245
6307
31181
29263
12212
20983
11848
6327
16695
7805
6089
30784
12984
27881
18943
30318
12795
22777
17025
26638
6120
4616
1296
19565
1771
4065
19740
18631
18588
2513
30858
30722
11931
25600
4021
25244
31422
1792
3763
13027
4719
21927
21465
31076
335
13594
22401
5541
3872
23339
4362
5911
27873
22245
11553
10822
15674
1892
31039
26195
31771
29931
10355
3748
2465
16432
21858
7386
23609
7162
25996
9987
7687
1262
12753
30225
14729
11174
6195
24716
6519
17668
23261
15747
8174
13510
28773
968
6350
18010
10574
26973
11105
26611
20177
5929
3901
7132
7900
17647
2155
5133
18780
20865
28360
11260
21176
11057
17580
13493
32669
7305
8394
18221
11777
20796
28503
4307
16226
10075
20079
20073
30799
8396
2484
26898
31018
2297
31032
27052
13356
8901
18333
13919
1193
29380
25466
20086
19350
31147
8193
30830
13640
29445
18655
5709
3198
27688
11620
5174
16034
18280
26340
9529
30028
32650
24157
17007
26888
16252
21849
8263
20825
8771
30230
3611
5630
12084
12005
29703
9587
26215
23760
25338
5307
29033
2431
27405
27741
19505
16477
11284
18093
31317
16118
21619
9036
7294
1187
564
5106
31258
1386
14934
9835
21328
1056
27239
12256
3897
22480
10325
23896
6733
8289
9345
11646
2331
11890
533
14245
21310
8841
2456
25609
14988
1901
27071
31064
12944
27600
31366
9073
23611
16177
13952
22379
27094
30209
24171
14553
32571
14597
31496
25676
25157
9211
12586
17178
3973
22400
7180
19550
1846
25137
8679
22336
26227
17681
30404
25207
8360
5931
16783
29964
27975
3192
5998
31840
15804
25602
16721
19312
20386
330
32713
8024
12087
13543
16669
19734
15885
30833
32155
31889
4611
8605
11820
5338
16500
20649
4395
15793
27054
7675
12663
6731
6310
19205
25543
8530
19178
31339
11838
13870
13526
13160
20032
26499
5643
13422
20611
30458
12829
22796
28521
3653
16780
5909
11149
17757
28406
22271
21147
24078
13450
11145
26726
22710
11712
11424
9780
17994
12615
31108
1116
31641
18239
9767
532
2517
20393
6102
8068
8271
27932
5402
15903
15234
1977
3297
23346
17747
31841
22745
22717
2711
19493
32541
18563
10710
24573
14099
27997
24398
13501
13716
26323
21051
838
1102
15085
18262
14585
26727
12871
23708
21618
7267
14948
12880
31346
24904
16964
9539
22300
11008
17721
32339
8037
27646
30710
15154
18118
17445
19433
21609
15667
5861
15563
9372
18769
19623
7285
21775
21220
17259
20725
29545
12678
12975
14561
5304
21407
1683
10731
10678
20881
30268
15798
26699
16691
22902
24808
28242
23937
413
22657
416
22162
6589
12651
4418
24010
20984
20049
23559
16976
23080
1973
24639
12738
28614
4669
30913
28968
779
8014
19251
8743
14164
27612
27525
26744
17099
12673
22719
920
28996
11724
14077
12480
20069
13275
27319
26903
15114
31788
-1
