25615
6270
15438
9401
27220
28063
13661
16245
15019
1086
7891
11862
21113
23740
19933
12009
491
11301
29352
694
20023
17763
11463
16918
18725
8881
16085
20805
463
9042
9563
11192
29348
20866
5363
31153
4275
17581
9134
9232
24615
29663
8628
23148
12813
3196
25898
16226
28510
8497
3417
12077
5433
17706
268
21623
18032
26501
11321
32623
5702
775
16612
29468
28791
30222
32577
7409
17017
5831
18713
27297
18946
22433
1134
12853
11466
4098
4450
24667
15762
15672
22357
24833
4709
20402
11598
30242
20510
22640
8604
28896
20266
10936
25789
212
32143
17931
23422
3490
-1
